MementoDatetime,URIM,FollowerCount,AbsGrowth,RelGrowth,AbsPerGrowth,RelPerGrowth,AbsFolRate,RelFolRate
20071012223847,https://web.archive.org/web/20071012223847/http://twitter.com:80/JoeBiden,66,0,0,0,0,0,0
20071213082949,https://web.archive.org/web/20071213082949/http://twitter.com:80/joebiden,101,35,35,53.03,53.03,1e-05,1e-05
20080907044907,https://web.archive.org/web/20080907044907/http://www.twitter.com/joebiden,947,881,846,1334.85,837.62,3e-05,4e-05
20081009070441,https://web.archive.org/web/20081009070441/http://twitter.com:80/joebiden/,1919,1853,972,2807.58,102.64,6e-05,0.00035
20081106053125,https://web.archive.org/web/20081106053125/http://twitter.com/joebiden,2828,2762,909,4184.85,47.37,8e-05,0.00038
20081207234015,https://web.archive.org/web/20081207234015/http://twitter.com/joebiden,3593,3527,765,5343.94,27.05,0.0001,0.00028
20090104164006,https://web.archive.org/web/20090104164006/http://twitter.com:80/joebiden,4354,4288,761,6496.97,21.18,0.00011,0.00032
20090629124524,https://web.archive.org/web/20090629124524/http://twitter.com/joebiden,26332,26266,21978,39796.97,504.78,0.00049,0.00145
20090703164720,https://web.archive.org/web/20090703164720/http://twitter.com:80/Joebiden,26735,26669,403,40407.58,1.53,0.00049,0.00112
20090919150317,https://wayback.archive-it.org/all/20090919150317/https://twitter.com/joebiden,29005,28939,2270,43846.97,8.49,0.00047,0.00034
20091110104703,https://wayback.archive-it.org/all/20091110104703/http://twitter.com/joebiden,30339,30273,1334,45868.18,4.6,0.00046,0.0003
20101012215149,https://web.archive.org/web/20101012215149/http://twitter.com/joebiden,33646,33580,3307,50878.79,10.9,0.00035,0.00011
20101107113540,https://wayback.archive-it.org/all/20101107113540/https://twitter.com/joebiden,33975,33909,329,51377.27,0.98,0.00035,0.00015
20110110114332,https://wayback.archive-it.org/all/20110110114332/https://twitter.com/joebiden,35467,35401,1492,53637.88,4.39,0.00035,0.00027
20110201143658,https://web.archive.org/web/20110201143658/http://twitter.com:80/joebiden,36420,36354,953,55081.82,2.69,0.00035,0.0005
20110409023604,https://web.archive.org/web/20110409023604/http://twitter.com/joebiden,37692,37626,1272,57009.09,3.49,0.00034,0.00022
20110917053328,https://web.archive.org/web/20110917053328/http://twitter.com:80/joebiden,39325,39259,1633,59483.33,4.33,0.00032,0.00012
20111117093100,https://wayback.archive-it.org/all/20111117093100/http://twitter.com/joebiden,39653,39587,328,59980.3,0.83,0.00031,6e-05
20120118014448,https://web.archive.org/web/20120118014448/http://twitter.com/joebiden,40018,39952,365,60533.33,0.92,0.0003,7e-05
20120123202744,https://web.archive.org/web/20120123202744/http://twitter.com/joebiden,40035,39969,17,60559.09,0.04,0.0003,3e-05
20120518075259,https://wayback.archive-it.org/all/20120518075259/https://twitter.com/JoeBiden,72018,71952,31983,109018.18,79.89,0.0005,0.00321
20120519073908,https://wayback.archive-it.org/all/20120519073908/https://twitter.com/JoeBiden,72251,72185,233,109371.21,0.32,0.0005,0.00272
20120630052042,https://web.archive.org/web/20120630052042/http://twitter.com:80/JoeBiden,87467,87401,15216,132425.76,21.06,0.00059,0.0042
20120724194732,https://web.archive.org/web/20120724194732/http://twitter.com/JoeBiden,96345,96279,8878,145877.27,10.15,0.00064,0.00418
20120825030442,https://wayback.archive-it.org/all/20120825030442/https://twitter.com/joebiden,118011,117945,21666,178704.55,22.49,0.00077,0.00801
20120918134318,https://web.archive.org/web/20120918134318/http://twitter.com/JoeBiden,154414,154348,36403,233860.61,30.85,0.00099,0.01724
20121017173149,https://web.archive.org/web/20121017173149/https://twitter.com/JoeBiden,263589,263523,109175,399277.27,70.7,0.00167,0.04334
20121118035007,https://web.archive.org/web/20121118035007/https://twitter.com/JoeBiden,349308,349242,85719,529154.55,32.52,0.00217,0.03152
20121216013907,https://web.archive.org/web/20121216013907/http://www.twitter.com/JoeBiden,352611,352545,3303,534159.09,0.95,0.00216,0.00137
20130116180730,https://wayback.archive-it.org/all/20130116180730/https://twitter.com/JoeBiden,392864,392798,40253,595148.48,11.42,0.00236,0.0147
20130306083854,https://web.archive.org/web/20130306083854/http://twitter.com/joebiden,427793,427727,34929,648071.21,8.89,0.00251,0.00832
20130402022436,https://web.archive.org/web/20130402022436/https://twitter.com/JoeBiden,437580,437514,9787,662900.0,2.29,0.00253,0.00424
20130418061834,https://web.archive.org/web/20130418061834/https://twitter.com/JoeBiden,443228,443162,5648,671457.58,1.29,0.00255,0.00404
20130515054418,https://web.archive.org/web/20130515054418/http://twitter.com/joebiden,455612,455546,12384,690221.21,2.79,0.00258,0.00531
20130630194643,https://wayback.archive-it.org/all/20130630194643/https://twitter.com/JoeBiden,469888,469822,14276,711851.52,3.13,0.0026,0.00355
20130808102039,https://web.archive.org/web/20130808102039/http://twitter.com/JoeBiden,486252,486186,16364,736645.45,3.48,0.00265,0.00491
20130812025148,https://web.archive.org/web/20130812025148/https://twitter.com/JoeBiden,486252,486186,0,736645.45,0.0,0.00264,0.0
20130911094739,https://web.archive.org/web/20130911094739/https://twitter.com/JoeBiden,499030,498964,12778,756006.06,2.63,0.00267,0.00488
20131016194139,https://web.archive.org/web/20131016194139/https://twitter.com/joebiden,509714,509648,10684,772193.94,2.14,0.00269,0.00349
20131218192504,https://web.archive.org/web/20131218192504/http://twitter.com/JoeBiden,522362,522296,12648,791357.58,2.48,0.00268,0.00232
20140111073432,https://web.archive.org/web/20140111073432/http://twitter.com/joebiden,525301,525235,2939,795810.61,0.56,0.00266,0.00145
20140207125051,https://web.archive.org/web/20140207125051/https://twitter.com/JoeBiden,535279,535213,9978,810928.79,1.9,0.00268,0.00424
20140310231925,https://web.archive.org/web/20140310231925/https://twitter.com/JoeBiden,541176,541110,5897,819863.64,1.1,0.00268,0.00217
20140410165429,https://wayback.archive-it.org/all/20140410165429/https://twitter.com/JoeBiden,552455,552389,11279,836953.03,2.08,0.0027,0.00425
20140513023926,https://web.archive.org/web/20140513023926/https://twitter.com/JoeBiden,579276,579210,26821,877590.91,4.85,0.00279,0.00958
20140607194915,https://web.archive.org/web/20140607194915/https://twitter.com/JoeBiden,595110,595044,15834,901581.82,2.73,0.00283,0.00713
20140713130638,https://wayback.archive-it.org/all/20140713130638/https://twitter.com/JoeBiden,613830,613764,18720,929945.45,3.15,0.00288,0.00607
20140813024117,https://wayback.archive-it.org/all/20140813024117/https://twitter.com/JoeBiden,631433,631367,17603,956616.67,2.87,0.00293,0.00667
20140925090754,https://wayback.archive-it.org/all/20140925090754/https://twitter.com/JoeBiden,655692,655626,24259,993372.73,3.84,0.00299,0.00649
20141018111619,https://web.archive.org/web/20141018111619/http://twitter.com/joebiden,672778,672712,17086,1019260.61,2.61,0.00304,0.00856
20141128094550,https://wayback.archive-it.org/all/20141128094550/https://twitter.com/JoeBiden,689379,689313,16601,1044413.64,2.47,0.00306,0.00469
20141207135826,https://wayback.archive-it.org/all/20141207135826/https://twitter.com/JoeBiden,694369,694303,4990,1051974.24,0.72,0.00308,0.00629
20150103143149,https://web.archive.org/web/20150103143149/http://twitter.com/joebiden,707634,707568,13265,1072072.73,1.91,0.0031,0.00568
20150325224820,https://web.archive.org/web/20150325224820/https://twitter.com/JoeBiden,756795,756729,49161,1146559.09,6.95,0.00322,0.007
20150410022746,https://web.archive.org/web/20150410022746/https://twitter.com/JoeBiden,766173,766107,9378,1160768.18,1.24,0.00324,0.00716
20150504221623,https://web.archive.org/web/20150504221623/https://twitter.com/JoeBiden,788591,788525,22418,1194734.85,2.93,0.00331,0.01045
20150602150120,https://web.archive.org/web/20150602150120/https://twitter.com/JoeBiden,816221,816155,27630,1236598.48,3.5,0.00339,0.01114
20150727202201,https://web.archive.org/web/20150727202201/https://twitter.com/JoeBiden,867279,867213,51058,1313959.09,6.26,0.00353,0.0107
20150805161846,https://wayback.archive-it.org/all/20150805161846/https://twitter.com/JoeBiden,880787,880721,13508,1334425.76,1.56,0.00357,0.0177
20150903141630,https://wayback.archive-it.org/all/20150903141630/https://twitter.com/JoeBiden,910512,910446,29725,1379463.64,3.37,0.00366,0.0119
20151010173247,https://web.archive.org/web/20151010173247/http://twitter.com/JoeBiden,948857,948791,38345,1437562.12,4.21,0.00376,0.01195
20151106025408,https://web.archive.org/web/20151106025408/https://twitter.com/JoeBiden,969850,969784,20993,1469369.7,2.21,0.00381,0.00919
20151201222042,https://wayback.archive-it.org/all/20151201222042/https://twitter.com/joebiden,992612,992546,22762,1503857.58,2.35,0.00387,0.01021
20160101205359,https://web.archive.org/web/20160101205359/http://twitter.com/JoeBiden,1025205,1025139,32593,1553240.91,3.28,0.00395,0.01219
20160206164330,https://wayback.archive-it.org/all/20160206164330/https://twitter.com/JoeBiden,1053806,1053740,28601,1596575.76,2.79,0.00401,0.00924
20160301025601,https://web.archive.org/web/20160301025601/https://twitter.com/JoeBiden,1073431,1073365,19625,1626310.61,1.86,0.00406,0.0097
20160402134840,https://web.archive.org/web/20160402134840/https://twitter.com/JoeBiden,1090602,1090536,17171,1652327.27,1.6,0.00408,0.00613
20160428163303,https://wayback.archive-it.org/all/20160428163303/https://twitter.com/JoeBiden,1098629,1098563,8027,1664489.39,0.74,0.00407,0.00356
20160527171046,https://wayback.archive-it.org/all/20160527171046/https://twitter.com/JoeBiden,1104126,1104060,5497,1672818.18,0.5,0.00406,0.00219
20160627110952,https://wayback.archive-it.org/all/20160627110952/https://twitter.com/JoeBiden,1110353,1110287,6227,1682253.03,0.56,0.00404,0.00234
20160726155114,https://wayback.archive-it.org/all/20160726155114/https://twitter.com/JoeBiden,1113333,1113267,2980,1686768.18,0.27,0.00401,0.00118
20160825224331,https://wayback.archive-it.org/all/20160825224331/https://twitter.com/JoeBiden,1194307,1194241,80974,1809456.06,7.27,0.00427,0.03094
20160924135243,https://wayback.archive-it.org/all/20160924135243/https://twitter.com/JoeBiden,1218140,1218074,23833,1845566.67,2.0,0.00431,0.00931
20161024123148,https://wayback.archive-it.org/all/20161024123148/https://twitter.com/JoeBiden,1273090,1273024,54950,1928824.24,4.51,0.00447,0.02124
20161123130051,https://wayback.archive-it.org/all/20161123130051/https://twitter.com/JoeBiden,1358432,1358366,85342,2058130.3,6.7,0.00472,0.03286
20161223141540,https://wayback.archive-it.org/all/20161223141540/https://twitter.com/JoeBiden,1399581,1399515,41149,2120477.27,3.03,0.00482,0.01585
20170122143107,https://wayback.archive-it.org/all/20170122143107/https://twitter.com/JoeBiden,1516632,1516566,117051,2297827.27,8.36,0.00518,0.04514
20170221150211,https://wayback.archive-it.org/all/20170221150211/https://twitter.com/JoeBiden,1665805,1665739,149173,2523846.97,9.84,0.00564,0.05751
20170323175520,https://web.archive.org/web/20170323175520/https://twitter.com/joebiden/,1733716,1733650,67911,2626742.42,4.08,0.00582,0.02613
20170422124900,https://wayback.archive-it.org/all/20170422124900/https://twitter.com/JoeBiden,1785340,1785274,51624,2704960.61,2.98,0.00594,0.02006
20170523034642,https://wayback.archive-it.org/all/20170523034642/https://twitter.com/JoeBiden,1836624,1836558,51284,2782663.64,2.87,0.00606,0.01938
20170621150148,https://web.archive.org/web/20170621150148/http://twitter.com:80/JoeBiden,1900732,1900666,64108,2879796.97,3.49,0.00621,0.02518
20170722025414,https://web.archive.org/web/20170722025414/https://twitter.com/joebiden,1985230,1985164,84498,3007824.24,4.45,0.00644,0.03207
20170821043107,https://wayback.archive-it.org/all/20170821043107/https://twitter.com/JoeBiden,2169014,2168948,183784,3286284.85,9.26,0.00697,0.07075
20170919170711,https://web.archive.org/web/20170919170711/https://twitter.com/JoeBiden,2276893,2276827,107879,3449737.88,4.97,0.00726,0.04229
20171019160305,https://web.archive.org/web/20171019160305/https://twitter.com/JoeBiden,2406804,2406738,129911,3646572.73,5.71,0.00761,0.05019
20171119060030,https://wayback.archive-it.org/all/20171119060030/https://twitter.com/JoeBiden,2494966,2494900,88162,3780151.52,3.66,0.00782,0.03332
20171219130958,https://web.archive.org/web/20171219130958/https://twitter.com/JoeBiden,2581654,2581588,86688,3911496.97,3.47,0.00803,0.03312
20180118035422,https://wayback.archive-it.org/all/20180118035422/https://twitter.com/JoeBiden,2658262,2658196,76608,4027569.7,2.97,0.0082,0.02994
20180217050147,https://wayback.archive-it.org/all/20180217050147/https://twitter.com/JoeBiden,2706547,2706481,48285,4100728.79,1.82,0.00829,0.0186
20180319054044,https://wayback.archive-it.org/all/20180319054044/https://twitter.com/JoeBiden,2754359,2754293,47812,4173171.21,1.77,0.00837,0.01845
20180418064506,https://wayback.archive-it.org/all/20180418064506/https://twitter.com/JoeBiden,2817742,2817676,63383,4269206.06,2.3,0.00849,0.02442
20180518025938,https://wayback.archive-it.org/all/20180518025938/https://twitter.com/JoeBiden,2830824,2830758,13082,4289027.27,0.46,0.00847,0.00507
20180617043712,https://wayback.archive-it.org/all/20180617043712/https://twitter.com/JoeBiden,2861269,2861203,30445,4335156.06,1.08,0.00849,0.01172
20180717064424,https://wayback.archive-it.org/all/20180717064424/https://twitter.com/JoeBiden,2851857,2851791,-9412,4320895.45,-0.33,0.0084,-0.00362
20180816050208,https://web.archive.org/web/20180816050208/https://twitter.com/JoeBiden,2909252,2909186,57395,4407857.58,2.01,0.0085,0.0222
20180915073710,https://wayback.archive-it.org/all/20180915073710/https://twitter.com/JoeBiden,2978124,2978058,68872,4512209.09,2.37,0.00864,0.02648
20181015140240,https://wayback.archive-it.org/all/20181015140240/https://twitter.com/JoeBiden,3031371,3031305,53247,4592886.36,1.79,0.00873,0.02036
20181113222613,https://wayback.archive-it.org/all/20181113222613/https://twitter.com/JoeBiden,3079395,3079329,48024,4665650.0,1.58,0.0088,0.01891
20181213214146,https://wayback.archive-it.org/all/20181213214146/https://twitter.com/JoeBiden,3126509,3126443,47114,4737034.85,1.53,0.00887,0.0182
20190112220927,https://wayback.archive-it.org/all/20190112220927/https://twitter.com/JoeBiden,3211531,3211465,85022,4865856.06,2.72,0.00904,0.03278
20190211220147,https://wayback.archive-it.org/all/20190211220147/https://twitter.com/JoeBiden,3290139,3290073,78608,4984959.09,2.45,0.0092,0.03033
20190314025442,https://wayback.archive-it.org/all/20190314025442/https://twitter.com/JoeBiden,3353313,3353247,63174,5080677.27,1.92,0.00931,0.02424
20190412230647,https://wayback.archive-it.org/all/20190412230647/https://twitter.com/JoeBiden,3438080,3438014,84767,5209112.12,2.53,0.00947,0.03288
20190513040538,https://wayback.archive-it.org/all/20190513040538/https://twitter.com/JoeBiden,3562343,3562277,124263,5397389.39,3.61,0.00975,0.04761
20190612032814,https://web.archive.org/web/20190612032814/https://twitter.com/joebiden,3592559,3592493,30216,5443171.21,0.85,0.00976,0.01167
20190711235605,https://web.archive.org/web/20190711235605/https://twitter.com/JoeBiden,3618618,3618552,26059,5482654.55,0.73,0.00976,0.0101
20190811023237,https://web.archive.org/web/20190811023237/https://twitter.com/JoeBiden,3665683,3665617,47065,5553965.15,1.3,0.00982,0.01809
20190910195158,https://web.archive.org/web/20190910195158/https://twitter.com/JoeBiden,3718840,3718774,53157,5634506.06,1.45,0.00989,0.02003
20191009124139,https://web.archive.org/web/20191009124139/https://twitter.com/joebiden,3833583,3833517,114743,5808359.09,3.09,0.01013,0.04627
20191108224502,https://web.archive.org/web/20191108224502/https://twitter.com/JoeBiden,3935823,3935757,102240,5963268.18,2.67,0.01033,0.03885
20191208230730,https://web.archive.org/web/20191208230730/https://twitter.com/JoeBiden,3993717,3993651,57894,6050986.36,1.47,0.01041,0.02232
20200107142824,https://web.archive.org/web/20200107142824/https://twitter.com/JoeBiden,4074774,4074708,81057,6173800.0,2.03,0.01055,0.03165
20200307131151,https://wayback.archive-it.org/all/20200307131151/https://twitter.com/JoeBiden,4317506,4317440,242732,6541575.76,5.96,0.01103,0.04686
20200407101429,https://web.archive.org/web/20200407101429/https://twitter.com/JoeBiden,4746628,4746562,429122,7191760.61,9.94,0.01205,0.16107
20200506124021,https://web.archive.org/web/20200506124021/https://twitter.com/JoeBiden,5329910,5329844,583282,8075521.21,12.29,0.01344,0.23198
20200605124116,https://web.archive.org/web/20200605124116/https://twitter.com/joebiden,5991765,5991699,661855,9078331.82,12.42,0.01501,0.25534
20200706015759,https://web.archive.org/web/20200706015759/https://twitter.com/JoeBiden,6621853,6621787,630088,10033010.61,10.52,0.01648,0.23869
20200903124450,https://web.archive.org/web/20200903124450/https://twitter.com/JoeBiden,9131210,9131144,2509357,13835066.67,37.9,0.02244,0.48854
20201003123538,https://web.archive.org/web/20201003123538/https://twitter.com/joebiden,10339213,10339147,1208003,15665374.24,13.23,0.02525,0.46615
20201102153558,https://web.archive.org/web/20201102153558/https://twitter.com/JoeBiden,11830829,11830763,1491616,17925398.48,14.43,0.02871,0.57229
